AC 1215

12/28/2018	910	914	900	900	382040
12/27/2018	916	924	905	905	274520
12/26/2018	918	918	909	911	133400
12/21/2018	918	919.5	910	914	404820
12/20/2018	914	925	906	918	414360
12/19/2018	912	915	907	914	462640
12/18/2018	920	925	916	918.5	257640
12/17/2018	915	930	915	927	367430
12/14/2018	930.5	940	905.5	914	224610
12/13/2018	925	935.5	925	930.5	147380
12/12/2018	936	937	922.5	925	173100
12/11/2018	916	938	911	938	253250
12/10/2018	910	923	910	910	325360
12/7/2018	930	935.5	910	910	431280
12/6/2018	960	960	934	934	437970
12/5/2018	954.5	968.5	949	960	381020
12/4/2018	949.5	978	947.5	970.5	581690
12/3/2018	950	959.5	940	950	514410
11/29/2018	951	958	950	951	1009260
11/28/2018	941	948	937	948	264210
11/27/2018	941	945	930	945	186570
11/26/2018	939	952	937	945	211850
11/23/2018	935	942	929	939	145680
11/22/2018	926	935	913	935	123020
11/21/2018	932	932	916.5	921	231910
11/20/2018	937	945	927	935	172200
11/19/2018	918	945.5	915	945.5	248330
11/16/2018	898	915	898	905	405360
11/15/2018	895	903.5	891.5	898	196270
11/14/2018	910	910.5	890	900	314210
11/13/2018	900	909	893.5	895	415680
11/12/2018	900	908	890	900	380020
11/9/2018	902.5	912	902	902	112620
11/8/2018	920	921.5	901.5	902.5	218130
11/7/2018	940	940	915	920	187450
11/6/2018	935	942.5	925	940	230010
11/5/2018	938	945	922.5	935	486290
10/31/2018	900.5	945	899	920	461150
10/30/2018	912	918	900	900	107430
10/29/2018	906	920	906	915	121760
10/26/2018	897	920	890	920	155610
10/25/2018	900	900	885	890	215770
10/24/2018	917	917	903	910	183690
10/23/2018	930	930	911.5	917.5	77890
10/22/2018	910	929.5	910	928.5	226420
10/19/2018	907	917	901	910	130230
10/18/2018	903	908	900.5	906	87960
10/17/2018	905	923	905	915	105070
10/16/2018	898	901	886	900.5	189040
10/15/2018	901	913	894.5	894.5	63000
10/12/2018	880.5	910	880.5	900	133930
10/11/2018	890	890	869	882	335730
10/10/2018	911	913	899	900	242810
10/9/2018	931	931	908	910	102520
10/8/2018	930	935	921	930	113110
10/5/2018	930	935	911.5	935	196600
10/4/2018	940	943	913	919.5	238320
10/3/2018	908	940	908	940	175070
10/2/2018	910	925	901	925	235780
10/1/2018	929	931	906	910	180820
9/28/2018	949.5	958	928	928	228060
9/27/2018	939	950	926	950	222790
9/26/2018	920	940	917.5	940	480250
9/25/2018	919.5	924	905	919.5	193230
9/24/2018	908	920	901	920	201160
9/21/2018	890	908.5	890	898	448620
9/20/2018	890	895	885	885	263530
9/19/2018	906	909	885	886	391720
9/18/2018	906	908	901	905	433720
9/17/2018	905	913	900.5	905.5	216700
9/14/2018	907	907	892	898	511520
9/13/2018	915.5	916	895	900	348570
9/12/2018	902	929.5	902	920	256900
9/11/2018	914	914	895.5	895.5	272690
9/10/2018	917	918	891	914	645370
9/7/2018	940	940	900	917	836080
9/6/2018	965	965	940	944	424510
9/5/2018	985	985	963	973	261990
9/4/2018	985	992	979	985	152090
9/3/2018	997	997	972	978	198560
8/31/2018	990	1000	980	1000	334250
8/30/2018	992	992	975	990	164740
8/29/2018	975.5	990	975	990	160100
8/28/2018	990	1003	980.5	991	272430
8/24/2018	990	990	976	990	176340
8/23/2018	967	990	967	990	269100
8/22/2018	970	975	955	975	356940
8/20/2018	970	985	955	955	117480
8/17/2018	937	999	937	999	301200
8/16/2018	941	943.5	931	936	177290
8/15/2018	938	949	937	941	183140
8/14/2018	950	950	935.5	937	252400
8/13/2018	975	975	950	953.5	468430
8/10/2018	999	1002	984	985	446040
8/9/2018	1020	1024	997.5	1010	128040
8/8/2018	1008	1020	1007	1020	315175
8/7/2018	1000	1012	995	1008	163255
8/6/2018	1002	1019	1000	1000	258860
8/3/2018	991	1020	991	1020	357440
8/2/2018	1015	1015	992	999	127525
8/1/2018	997	1015	996.5	1015	3003360
7/31/2018	1008	1008	992	999	353235
7/30/2018	990	1015	985	1013	427720
7/27/2018	980	990	972.5	990	413640
7/26/2018	970	984.5	969	980	314780
7/25/2018	955.5	980	953.5	964	407050
7/24/2018	941	959	941	955.5	138520
7/23/2018	940	960	930	951	96360
7/20/2018	950	960	944.5	960	145670
7/19/2018	971	972	944.5	950	285350
7/18/2018	945	980	940	979	207550
7/17/2018	964	969	952	953	134660
7/16/2018	961	971.5	951.5	971.5	105130
7/13/2018	951	980	951	964	388450
7/12/2018	938	966	923	966	309830
7/11/2018	920	938	918	938	184350
7/10/2018	910	924	900	924	415000
7/9/2018	898.5	905.5	896	905.5	128470
7/6/2018	905	905	895.5	898	279190
7/5/2018	915	916	906	915	186720
7/4/2018	919.5	928	903.5	928	344820
7/3/2018	915.5	916.5	905	915	125900
7/2/2018	915	926.5	912	915	119680
6/29/2018	900	920	900	920	228550
6/28/2018	891	905	886	905	244010
6/27/2018	886	910	871	910	125790
6/26/2018	877	886.5	870	886	388240
6/25/2018	903	913	876	876	208970
6/22/2018	900	901	867.5	886.5	379760
6/21/2018	915.5	915.5	901	901	403290
6/20/2018	910	923	910	915	234600
6/19/2018	922	922	903	910	384060
6/18/2018	931.5	931.5	923.5	925.5	287870
6/14/2018	937	952.5	933	950.5	567350
6/13/2018	970	972	936	937	431240
6/11/2018	962	985	961	978	131940
6/8/2018	980	980	960	966.5	577810
6/7/2018	965	985	964	980.5	165750
6/6/2018	970	976	965	969	209480
6/5/2018	960	979	952.5	979	155500
6/4/2018	955	968	945	968	165210
6/1/2018	940	965.5	940	960	345540
5/31/2018	939.5	940	925.5	940	1031890
5/30/2018	930	931	925	930.5	434100
5/29/2018	940	945	934	940	144900
5/28/2018	935	941	935	938.5	81250
5/25/2018	948	948	927	935	328430
5/24/2018	950	950	938	942	239910
5/23/2018	953.5	953.5	935	950	323010
5/22/2018	940	954	925	954	108750
5/21/2018	937	947	932.5	940	152430
5/18/2018	940	949.5	929	929	191690
5/17/2018	980	980	940	940	309940
5/16/2018	980	991	960	990	169710
5/15/2018	970	996	962	985	327200
5/11/2018	938.5	971	938.5	970	349630
5/10/2018	941	954.5	920	937.5	115400
5/9/2018	936	941	930	941	160110
5/8/2018	928	940	921.5	935	209130
5/7/2018	916	929	910	929	112870
5/4/2018	910	923	908	916	178750
5/3/2018	940	950	905	905	262060
5/2/2018	950	968.5	930	930	211110
4/30/2018	960	981.5	950.5	966	328880
4/27/2018	929.5	960	918	960	400930
4/26/2018	908.5	930	902	930	261180
4/25/2018	903	910.5	900	908.5	197810
4/24/2018	915.5	917	896	900	432480
4/23/2018	915	929	909.5	910.5	137070
4/20/2018	910	928	910	919	113340
4/19/2018	910	928	899.5	906	954050
4/18/2018	911.5	950	909	909	394140
4/17/2018	941	946	909	909	262560
4/16/2018	955	957.5	938.5	946	200020
4/13/2018	961	967.5	954	956	410430
4/12/2018	966	978	953	978	302760
4/11/2018	938.5	967	938	967	283030
4/10/2018	917	941.5	916	938.5	561320
4/6/2018	907	929	907	919	270540
4/5/2018	915	919	904.5	906	401020
4/4/2018	920	921.5	912.5	915	453550
4/3/2018	922	930	916	918	662270
4/2/2018	948	948	918	923	206380
3/28/2018	948	958.5	945	948	436970
3/27/2018	951	963	945	949	293370
3/26/2018	928	952	917	950	559020
3/23/2018	927	927	908	918	618010
3/22/2018	918	938.5	918	937	666380
3/21/2018	945	948.5	916	916	423860
3/20/2018	948	959	935	937	1040930
3/19/2018	995	1010	995	1010	185980
3/16/2018	1006	1020	990	990	1094400
3/15/2018	1017	1037	1006	1006	361985
3/14/2018	1038	1038	1004	1038	451250
3/13/2018	1032	1039	1028	1032	140935
3/12/2018	1039	1054	1029	1032	156915
3/9/2018	1038	1041	1020	1020	167800
3/8/2018	1060	1060	1036	1038	143645
3/7/2018	1037	1060	1031	1060	111585
3/6/2018	1050	1051	1035	1038	162330
3/5/2018	1050	1050	1040	1041	93410
3/2/2018	1041	1050	1038	1050	168785
3/1/2018	1057	1065	1051	1051	219000
2/28/2018	1052	1070	1052	1057	304555
2/27/2018	1071	1073	1052	1069	416740
2/26/2018	1061	1065	1040	1065	147845
2/23/2018	1053	1063	1043	1060	419980
2/22/2018	1080	1081	1030	1053	401895
2/21/2018	1071	1088	1071	1080	337190
2/20/2018	1075	1088	1064	1088	221285
2/19/2018	1075	1089	1060	1089	317590
2/15/2018	1040	1095	1030	1095	341655
2/14/2018	1030	1040	1025	1040	184145
2/13/2018	1011	1033	1011	1020	283905
2/12/2018	1006	1022	1000	1000	110910
2/9/2018	1020	1022	1000	1005	302030
2/8/2018	1037	1050	1035	1042	321710
2/7/2018	1030	1040	1011	1034	208800
2/6/2018	1005	1020	991.5	1005	416135
2/5/2018	1034	1034	1020	1030	556715
2/2/2018	1038	1055	1038	1050	181770
2/1/2018	1040	1058	1035	1038	235595
1/31/2018	1045	1061	1035	1050	263715
1/30/2018	1076	1076	1046	1050	459610
1/29/2018	1042	1083	1042	1083	294385
1/26/2018	1035	1058	1034	1040	245005
1/25/2018	1035	1040	1030	1034	342525
1/24/2018	1045	1049	1031	1035	351680
1/23/2018	1049	1052	1031	1045	398515
1/22/2018	1032	1055	1032	1050	311655
1/19/2018	1027	1040	1010	1031	383875
1/18/2018	1055	1055	1028	1035	461015
1/17/2018	1072	1075	1055	1060	264685
1/16/2018	1085	1091	1052	1052	166235
1/15/2018	1065	1094	1060	1085	189470
1/12/2018	1050	1065	1035	1065	363710
1/11/2018	1060	1060	1030	1050	213605
1/10/2018	1065	1065	1052	1060	180545
1/9/2018	1057	1075	1052	1065	309775
1/8/2018	1065	1066	1048	1057	226530
1/5/2018	1040	1069	1040	1065	521745
1/4/2018	1040	1048	1028	1040	431010
1/3/2018	1015	1041	1015	1040	497855
12/29/2017	1027	1027	1012	1015	295630
12/28/2017	1029	1030	1015	1022	191515
12/27/2017	1010	1029	1005	1029	95400
12/22/2017	1010	1010	1000	1010	136580
12/21/2017	1018	1018	1005	1009	140540
12/20/2017	1016	1023	1010	1018	85480
12/19/2017	1006	1016	997.5	1016	229595
12/18/2017	1006	1013	1004	1010	204705
12/15/2017	1015	1017	999	1006	480780
12/14/2017	1011	1020	1006	1015	329085
12/13/2017	1019	1028	1013	1020	281360
12/12/2017	1023	1030	1016	1025	485435
12/11/2017	1015	1043	1012	1040	520900
12/8/2017	1001	1035	1001	1030	203765
12/7/2017	1010	1015	1000	1000	296565
12/6/2017	997	1018	991	1010	251960
12/5/2017	984	999	975	999	197080
12/4/2017	1000	1000	984.5	984.5	359200
12/1/2017	1015	1024	1000	1006	385930
11/29/2017	1016	1020	1010	1020	442215
11/28/2017	1022	1025	1015	1017	143730
11/27/2017	1018	1032	1016	1030	154790
11/24/2017	1020	1024	1015	1020	429705
11/23/2017	1016	1028	1015	1020	307270
11/22/2017	1012	1025	1012	1019	316500
11/21/2017	1016	1022	1008	1019	194095
11/20/2017	1014	1022	1006	1012	158900
11/17/2017	1016	1025	1010	1013	298055
11/16/2017	1010	1044	995	1000	613135
11/15/2017	1030	1050	1022	1028	130205
11/14/2017	1050	1050	1030	1040	202780
11/13/2017	1055	1070	1043	1050	149815
11/10/2017	1070	1070	1041	1050	175645
11/9/2017	1062	1095	1062	1070	411895
11/8/2017	1065	1075	1056	1075	331140
11/7/2017	1070	1080	1053	1075	296965
11/6/2017	1061	1089	1059	1080	164655
11/3/2017	1086	1093	1054	1061	790930
11/2/2017	1021	1100	1020	1090	798815
10/30/2017	1030	1034	1028	1031	130735
10/27/2017	1018	1030	1010	1030	187390
10/26/2017	1016	1040	1008	1018	236000
10/25/2017	1000	1030	1000	1019	253150
10/24/2017	996	1010	988	999	784240
10/23/2017	1072	1087	1010	1017	546135
10/20/2017	1110	1110	1070	1070	891080
10/19/2017	1070	1116	1060	1116	1265525
10/18/2017	1088	1088	1061	1070	953345
10/17/2017	1070	1097	1068	1092	1237690
10/13/2017	1070	1075	1060	1071	739665
10/12/2017	1051	1079	1048	1077	1065680
10/11/2017	1050	1055	1041	1052	725760
10/10/2017	1029	1060	1029	1050	810820
10/9/2017	1006	1039	1006	1039	494060
10/6/2017	998	1020	998	1015	450530
10/5/2017	998	999	991.5	997	323570
10/4/2017	988.5	1000	987	998	273570
10/3/2017	980	985	979.5	985	146480
10/2/2017	970.5	983	970	980	279740
9/29/2017	967	995	967	970	345930
9/28/2017	975	975	966	974	229950
9/27/2017	960	985	950	980	254930
9/26/2017	960	963	953.5	960	494950
9/25/2017	963	963	955	960	167290
9/22/2017	950	974	950	963	214510
9/21/2017	943	960	938	950	205340
9/20/2017	940	950	934	944	257690
9/19/2017	970	970	955.5	956.5	101120
9/18/2017	928.5	975	928.5	972	712160
9/15/2017	926	934	926	928.5	536370
9/14/2017	926	936	925	925	277070
9/13/2017	920	936	918	925.5	367190
9/11/2017	913	920	910	918	105270
9/8/2017	920	920	911	913	108410
9/7/2017	915	916	911	915	215220
9/6/2017	919	919	907.5	912	338090
9/5/2017	926	926.5	917	920	141920
9/4/2017	920	945	906	926	270090
8/31/2017	902	920	899.5	920	330710
8/30/2017	900	901.5	898	899.5	236070
8/29/2017	901.5	901.5	895	899	608750
8/25/2017	900	900	898.5	899	283200
8/24/2017	899.5	900	898	899	330660
8/23/2017	900	901.5	897	899	167190
8/22/2017	900	901.5	897	900	410510
8/18/2017	908	908	890	900	148550
8/17/2017	905	910	899	908	297060
8/16/2017	896	901.5	893	900	423650
8/15/2017	886	898	880	896	337070
8/14/2017	885	886	882	885	72890
8/11/2017	879	888	870	882	191400
8/10/2017	888	888	880	884	210210
8/9/2017	886	888	870	888	326060
8/8/2017	886.5	887.5	882.5	885	306210
8/7/2017	879	879.5	873	878	74320
8/4/2017	863	884	863	879	227300
8/3/2017	876.5	876.5	860	863	210010
8/2/2017	870	889.5	855	860	277380
8/1/2017	869	877.5	864	865	76370
7/31/2017	888	888	865	865	520210
7/28/2017	890	902	887	888	370000
7/27/2017	890	895	889	889	250250
7/26/2017	880	895	880	895	342760
7/25/2017	880	880	874	880	146150
7/24/2017	880	882	874	880	148660
7/21/2017	864	880	853	880	179050
7/20/2017	868	870	855	855	137390
7/19/2017	860	870	860	868	154510
7/18/2017	865	870	860	860	74530
7/17/2017	863	868	855	867	139590
7/14/2017	875	875	853	853	331460
7/13/2017	878	881.5	857.5	870	354350
7/12/2017	867.5	878	867.5	876	118810
7/11/2017	859.5	868	854.5	867.5	113550
7/10/2017	871	875	853	855	86100
7/7/2017	869	870	869	870	119990
7/6/2017	864	873	860	872	189850
7/5/2017	855	860	851	860	316240
7/4/2017	851	856	849	850	147630
7/3/2017	858	858	841	851	114730
6/30/2017	840	855	837	850	485680
6/29/2017	841.5	844	838	840	346260
6/28/2017	842	842.5	837	841.5	401040
6/27/2017	840.5	854	840.5	842.5	208250
6/23/2017	855	857	837	840.5	251260
6/22/2017	843	855	840	855	128420
6/21/2017	856	856	837.5	841.5	438960
6/20/2017	859.5	859.5	857	858	236870
6/19/2017	850	864.5	850	860	144370
6/16/2017	867	867	850	850	547410
6/15/2017	869.5	879	866.5	867	151380
6/14/2017	860	870	859	867.5	244880
6/13/2017	873	873	858	860	448690
6/9/2017	872.5	884	869	869	382740
6/8/2017	871	885	869	870	470540
6/7/2017	882.5	893	870	870	517450
6/6/2017	895	896	882	882	557900
6/5/2017	892	899	891	894	168160
6/2/2017	873	893.5	872.5	892	308550
6/1/2017	874	876.5	869	873	676820
5/31/2017	870	871	868	868	579280
5/30/2017	872	874	865	869	225620
5/29/2017	867	873	867	867	294440
5/26/2017	867	867.5	865.5	866	398420
5/25/2017	870	870	867	867	298640
5/24/2017	868	872	866	870	165800
5/23/2017	872	875.5	869	870	336270
5/22/2017	864.5	879.5	864	872	114610
5/19/2017	863	865.5	861	864.5	111280
5/18/2017	868.5	868.5	861	865.5	219020
5/17/2017	867.5	871	864	869	232380
5/16/2017	864	870	860.5	866	375980
5/15/2017	868.5	870	855	864	315880
5/12/2017	865	869.5	855	868.5	200000
5/11/2017	860	872	855	868	287900
5/10/2017	883	885	860	860	457980
5/9/2017	890	893.5	880.5	883	367560
5/8/2017	878	890	878	890	370250
5/5/2017	879	886	870	878	253040
5/4/2017	869	885.5	866	881	204080
5/3/2017	868	873	868	868	202340
5/2/2017	867	870	864.5	867	230030
4/27/2017	879	880	865	866.5	128170
4/26/2017	878	879	868	879	160400
4/25/2017	869.5	882	869.5	877	487260
4/24/2017	863	867	860	867	86120
4/21/2017	865	865	859	861	141040
4/20/2017	855	860.5	848	860	159510
4/19/2017	855	860	855	856.5	150220
4/18/2017	859	865	852	859	92520
4/17/2017	859	860	850.5	859	109570
4/12/2017	858	871.5	848	857	223060
4/11/2017	861.5	863	855	858.5	192620
4/10/2017	863	864	853.5	861.5	176030
4/7/2017	865	870	862	863	175570
4/6/2017	888	888	855	865	150570
4/5/2017	876	890	875	890	272700
4/4/2017	849	883	845	875	312370
4/3/2017	845	850	840	849	107930
3/31/2017	842	845	833	845	169550
3/30/2017	842	845	841.5	842	913980
3/29/2017	841	845	830	842	318180
3/28/2017	828.5	841	828.5	841	191440
3/27/2017	833	837	818	825.5	495520
3/24/2017	845	846	835	845	443810
3/23/2017	830	845	830	845	183950
3/22/2017	826.5	832	815	832	356700
3/21/2017	830	835	819.5	827.5	434030
3/20/2017	838	840	815.5	830	122060
3/17/2017	831	850	830	830	649810
3/16/2017	821	832	821	827	347610
3/15/2017	821	824	810	820	101860
3/14/2017	820	822	815	820	418120
3/13/2017	815	822	815	822	90770
3/10/2017	821.5	821.5	810	815	443550
3/9/2017	822	825	816.5	820	417950
3/8/2017	820	830	820	822	282380
3/7/2017	823	825.5	817	819.5	553490
3/6/2017	802	825	800.5	823	170390
3/3/2017	803	820	793.5	820	264600
3/2/2017	788	808	788	803	276830
3/1/2017	788	788.5	784	784	125750
2/28/2017	793	793	786	788	321090
2/27/2017	801	803	791	793	118500
2/24/2017	816.5	817	801	801	218500
2/23/2017	805	818	800	817	217120
2/22/2017	792	807	783.5	805	142370
2/21/2017	787	793	780	792	105650
2/20/2017	789.5	789.5	778.5	787	132850
2/17/2017	799	799	777	781	218030
2/16/2017	786.5	794	785	788	563530
2/15/2017	800	800	786	786	136000
2/14/2017	808.5	808.5	799	800	282950
2/13/2017	793	809.5	793	809	157770
2/10/2017	798.5	798.5	782.5	793	122960
2/9/2017	787.5	800	777	797	227910
2/8/2017	787	790	784	787.5	104460
2/7/2017	791	792	776.5	780	322540
2/6/2017	795.5	801	795	800	143340
2/3/2017	814	814	785.5	795	184490
2/2/2017	815	818	800	802	162210
2/1/2017	810	815	804	815	174350
1/31/2017	806.5	812	800	800	175850
1/30/2017	805	820	802	819.5	66780
1/27/2017	811	817	800	800	107230
1/26/2017	810	817	808.5	811	226080
1/25/2017	833	833	814	814	83590
1/24/2017	812	837	802.5	834	813340
1/23/2017	793.5	812	790	812	262890
1/20/2017	790	794	785	788	277150
1/19/2017	784.5	800	784.5	800	179860
1/18/2017	785	789	783	784.5	237240
1/17/2017	785	797	780	790	226420
1/16/2017	795.5	795.5	773	786.5	148700
1/13/2017	793.5	797.5	790	792	353420
1/12/2017	796.5	799.5	790.5	793.5	125720
1/11/2017	794	797	787	796	559300
1/10/2017	787.5	797	784	793	392630
1/9/2017	786.5	790	770.5	784.5	175920
1/6/2017	780	794.5	780	786.5	387740
1/5/2017	767	790	760.5	790	722750
1/4/2017	735	760	735	760	242320
1/3/2017	730	733	722.5	727	205370
12/29/2016	733	734	729	730.5	366710
12/28/2016	715	734	715	732	277420
12/27/2016	715	715	710	710	41770
12/23/2016	702	715	701.5	708	241170
12/22/2016	713	718	701.5	716	345280
12/21/2016	715	726	705	713	515910
12/20/2016	727.5	727.5	700.5	715	643250
12/19/2016	732	732	720.5	727.5	346220
12/16/2016	728	732	714	732	346690
12/15/2016	715	735	694	732	422020
12/14/2016	692	720	690	719.5	293510
12/13/2016	706	706.5	670	690	1313060
12/12/2016	733	734	706	706	293080
12/9/2016	725	734	723	732	499690
12/8/2016	717	726	708	724	526270
12/7/2016	710	724	705	705	450020
12/6/2016	727	727	704	708	282590
12/5/2016	740	740	710	710	429580
12/2/2016	746	749	737	739.5	453200
12/1/2016	750	753.5	739	739	413810
11/29/2016	733	733	720	726	489710
11/28/2016	735	743	713	736	499560
11/25/2016	750	750	725	728	266630
11/24/2016	726	745	724.5	740	567830
11/23/2016	734	740	722	725	388180
11/22/2016	770	774.5	731.5	731.5	323010
11/21/2016	780.5	785	765	770	458670
11/18/2016	771	786	771	780	366090
11/17/2016	748	771	745	771	329450
11/16/2016	730	750	730	743	1014030
11/15/2016	739	739.5	722	723	1067430
11/14/2016	750.5	755	740	740	476170
11/11/2016	786	787	750	750	918800
11/10/2016	813	815	792.5	800	496100
11/9/2016	830	831	778.5	790	497230
11/8/2016	827	837	826.5	831	311030
11/7/2016	827	829	810	825	391040
11/4/2016	827.5	831	827	829	464900
11/3/2016	830	831	826	828	648640
11/2/2016	850	850	827.5	833	300190
10/28/2016	847	850.5	831.5	835	573290
10/27/2016	855	855	849.5	852	322340
10/26/2016	850.5	860	849	855	245770
10/25/2016	849.5	853	849.5	850	252240
10/24/2016	852.5	853	849.5	849.5	245240
10/21/2016	858	859.5	855	858	88180
10/20/2016	869	869	855	858	396220
10/19/2016	856	880	851	869	350830
10/18/2016	838.5	857.5	838.5	856	363220
10/17/2016	838	860	838	845	339450
10/14/2016	839.5	843	839	840.5	366810
10/13/2016	845	848.5	831.5	839.5	912230
10/12/2016	851	853	846	849	789430
10/11/2016	859	869	856.5	858	223430
10/10/2016	860	861	855	858.5	623540
10/7/2016	864	866	858.5	860	430000
10/6/2016	868	870	863.5	865	205630
10/5/2016	880	880	860.5	867.5	163380
10/4/2016	871	880.5	868.5	880.5	219680
10/3/2016	860	878.5	860	878.5	175020
9/30/2016	862	862	857	857	553910
9/29/2016	855.5	863	855.5	862	400660
9/28/2016	854	860	852.5	855.5	275780
9/27/2016	866.5	866.5	851	854.5	309470
9/26/2016	878	878	865	868	371680
9/23/2016	865.5	878	862.5	872	399990
9/22/2016	861.5	868	861.5	865	365450
9/21/2016	855	860.5	855	860	712690
9/20/2016	854	858	854	855	542660
9/19/2016	854.5	858	853.5	856	463930
9/16/2016	860	860	848.5	854.5	465100
9/15/2016	857	860	848	860	405170
9/14/2016	859	859	850	857	372680
9/13/2016	855	860	853	860	418630
9/9/2016	854	856	850	853	538300
9/8/2016	850	860	845	855	621760
9/7/2016	855	855	845	850	504780
9/6/2016	859	861	852	855	428290
9/5/2016	864.5	870	858	860	379590
9/2/2016	868.5	880	864.5	865	322290
9/1/2016	875	875	853	868.5	438400
8/31/2016	875	875	868	875	518790
8/30/2016	894	894	874	878	505820
8/26/2016	899	899	891	894.5	240900
8/25/2016	899.5	900	892.5	899	186580
8/24/2016	901	901.5	895	899.5	216970
8/23/2016	902	904	895	903	232900
8/22/2016	896	902	893	902	234820
8/19/2016	899	899	893	896	94680
8/18/2016	900	900	891	895	194780
8/17/2016	904.5	904.5	896	900	176630
8/16/2016	904	904.5	895	900	457680
8/15/2016	898	904	888	904	208270
8/12/2016	900	900	893.5	898	410390
8/11/2016	900	900	894.5	896.5	293070
8/10/2016	897	900	892	896	342220
8/9/2016	899	905	890.5	897	348160
8/8/2016	898	900	890	898	200060
8/5/2016	895	900	888	897.5	153860
8/4/2016	885	895	885	895	298160
8/3/2016	888	888	870.5	880	420250
8/2/2016	887	887	876	880	146510
8/1/2016	872	887.5	870.5	886.5	274880
7/29/2016	887.5	891	870	870	312970
7/28/2016	907	907	882	890	354720
7/27/2016	899	908	889	908	394820
7/26/2016	890	901.5	887	889	197350
7/25/2016	890	903	870.5	890	304320
7/22/2016	899	900	883.5	890	202380
7/21/2016	894	900.5	870	899	912940
7/20/2016	891	894	885	894	251480
7/19/2016	886	890	884	890	346520
7/18/2016	884	885	879.5	885	140790
7/15/2016	876	884	875	884	299140
7/14/2016	875	877.5	863	875	149970
7/13/2016	870	883.5	870	876	388570
7/12/2016	850	870	849.5	870	239580
7/11/2016	845	865	845	850	246990
7/8/2016	844	844.5	833	844	186980
7/7/2016	860	860	844	844	452440
7/5/2016	850	868	850	860	250540
7/4/2016	845	861	845	850	192930
7/1/2016	849	854	839.5	844	166120
6/30/2016	850	865	847	849	390130
6/29/2016	850	850	843	850	234590
6/28/2016	850	854.5	841	845	122580
6/27/2016	828	853.5	820	850	395220
6/24/2016	859	868	829	850	292020
6/23/2016	870	870.5	846	847	222900
6/22/2016	853.5	870	853	870	376740
6/21/2016	840	853.5	840	850	1130610
6/20/2016	839	853.5	837	841	340700
6/17/2016	839	845	835.5	839	281850
6/16/2016	820	835	818	831	306050
6/15/2016	810	825	809	820	274730
6/14/2016	820	820	808.5	812	414100
6/13/2016	828	828	801	825	576650
6/10/2016	815	838	815	830	275920
6/9/2016	850	850	823	823	189030
6/8/2016	857	860	853.5	855	425740
6/7/2016	858	866	854	855	365270
6/6/2016	845	860	844.5	855	608500
6/3/2016	846	850	840	845	117780
6/2/2016	845	850	840	844	206850
6/1/2016	848.5	857	842	845	277560
5/31/2016	842	858	833	846.5	2477670
5/30/2016	828	836	825.5	830.5	355520
5/27/2016	830	839	829	831	408870
5/26/2016	835	839	823	830	283000
5/25/2016	825	850.5	825	833	610580
5/24/2016	804	827.5	804	820	477740
5/23/2016	797.5	816	797.5	804	219840
5/20/2016	807	819.5	790	794	382330
5/19/2016	845	845	805	806	409720
5/18/2016	834	850	830	840	431990
5/17/2016	831	837	828	835	661110
5/16/2016	827.5	840	822	832	663290
5/13/2016	801	840	801	828	1186260
5/12/2016	789.5	790	780	786.5	405430
5/11/2016	768	797	768	789.5	1197010
5/10/2016	725	764	723	764	405660
5/6/2016	733	735	728	735	312990
5/5/2016	735	737.5	732.5	733	258050
5/4/2016	743	748	734	748	202460
5/3/2016	760	769	745	745	214490
5/2/2016	761	765	750.5	760	165840
4/29/2016	770	771.5	760	771	212740
4/28/2016	775	780	765	772	325370
4/27/2016	780	780.5	766	776	325530
4/26/2016	783.5	784	772.5	778	394570
4/25/2016	786	786	776	785	138320
4/22/2016	786	791	779.5	787	228590
4/21/2016	773.5	786	768	786	348620
4/20/2016	780	780	764	773.5	341320
4/19/2016	780	781	776	779.5	254040
4/18/2016	780	780	767	780	268020
4/15/2016	780	782	768	782	430140
4/14/2016	773	780	772	780	471060
4/13/2016	777.5	780	773	774	388050
4/12/2016	760	778	755	778	522320
4/11/2016	743.5	760	741.5	760	241210
4/8/2016	750	750	735.5	745.5	340110
4/7/2016	743	756.5	743	756.5	177070
4/6/2016	743	747	740	743.5	60920
4/5/2016	760	760	743	743	123430
4/4/2016	757	764	750	750	222410
4/1/2016	749	757	740	757	288060
3/31/2016	735.5	750	728	750	706170
3/30/2016	745	754	734.5	734.5	289690
3/29/2016	745	755	740	742	183170
3/28/2016	743	759	739.5	755	409470
3/23/2016	749	749	737	742	443710
3/22/2016	747.5	752.5	745	749.5	271250
3/21/2016	742	754	734	747.5	619400
3/18/2016	740	760	737	737	688700
3/17/2016	735.5	752	735	740	523080
3/16/2016	749	749.5	732.5	735	303730
3/15/2016	759.5	760	743.5	749.5	411430
3/14/2016	757	765	750	759.5	391390
3/11/2016	754	760.5	754	757	499300
3/10/2016	738.5	763.5	738.5	754.5	538870
3/9/2016	725	744	725	738	483490
3/8/2016	710	725	710	725	143870
3/7/2016	734.5	738	710	720	145720
3/4/2016	738	739	730	734.5	267260
3/3/2016	715	739.5	713	735	552940
3/2/2016	690.5	714	690.5	710	502510
3/1/2016	685	690	684.5	690	196790
2/29/2016	690	699.5	688	689	341740
2/26/2016	690	690	680	687	278480
2/24/2016	693	699.5	690	695	385170
2/23/2016	696	701	696	699.5	195540
2/22/2016	694	697	692.5	696	182110
2/19/2016	690.5	695	688.5	693.5	217310
2/18/2016	699.5	702	695	695	397610
2/17/2016	686	700	686	699.5	235370
2/16/2016	693	701	692	696.5	348470
2/15/2016	693	695	680	692	276950
2/12/2016	688	691	680	689.5	90560
2/11/2016	685.5	698	670	691	140090
2/10/2016	680	687	672.5	685	241460
2/9/2016	687	689	668	685	232860
2/5/2016	678	697	678	694.5	515780
2/4/2016	655	678	653.5	678	340650
2/3/2016	670	670	649.5	655	433050
2/2/2016	670	678.5	670	670.5	217160
2/1/2016	680	684	660	670	338820
1/29/2016	683	683	670	679.5	701220
1/28/2016	679	680	665	670	249300
1/27/2016	650	680	646.5	680	280710
1/26/2016	642	646	626	638	291590
1/25/2016	635	659	635	659	523460
1/22/2016	606	629	606	613	314080
1/21/2016	617	620	600	600	585330
1/20/2016	649	649	616	616	381780
1/19/2016	650	657	644.5	649	126660
1/18/2016	665	665	636	644	455670
1/15/2016	685	685	670	670	201180
1/14/2016	664	681	662	668	168460
1/13/2016	673	682	670	670	392800
1/12/2016	670	693	660	660	400510
1/11/2016	690	690	660	665	468350
1/8/2016	701	718	700	700	413700
1/7/2016	732	733	709	709	348160
1/6/2016	752.5	752.5	732	732	241490
1/5/2016	750	755.5	741.5	742	179940
1/4/2016	756	764	756	756	147060
12/29/2015	754	760.5	751	756	263880
12/28/2015	740	758	740	750	113930
12/23/2015	764.5	764.5	757	759	114480
12/22/2015	748	763.5	743.5	757	175700
12/21/2015	745	749	740	741.5	103890
12/18/2015	757	757	739	747.5	212080
12/17/2015	757	762	756	759	139470
12/16/2015	737	758.5	737	757	336250
12/15/2015	735.5	736.5	732	734.5	289740
12/14/2015	725	735	721	735	199720
12/11/2015	728	732	724.5	725	293650
12/10/2015	730	734	725	725	319530
12/9/2015	731	735	725	728	211580
12/8/2015	732	734.5	730	730	319890
12/7/2015	740	751.5	730.5	734	193930
12/4/2015	743	744	733.5	736	332300
12/3/2015	757	757	737	744	137870
12/2/2015	755	765	752.5	757	108060
12/1/2015	739	771	739	770	509260
11/27/2015	758.5	760	741.5	743	699140
11/26/2015	759	759	753	755	296610
11/25/2015	762.5	765	747	750	571730
11/24/2015	766	766	752	762.5	224800
11/23/2015	753	766	751	765	267100
11/20/2015	750	756	750	756	462050
11/17/2015	750.5	757	747.5	755	222870
11/16/2015	746.5	750	733.5	749	184450
11/13/2015	729.5	759	729.5	759	381880
11/12/2015	756	770	729	729	288250
11/11/2015	763	767.5	748.5	749	156130
11/10/2015	766	770	761.5	767	291450
11/9/2015	786	786	765	768	101930
11/6/2015	790	790	785	786.5	232330
11/5/2015	776	790	774	787	192180
11/4/2015	778	789.5	771	789.5	160530
11/3/2015	787	792	770	778	133140
11/2/2015	789	789.5	785	787	446150
10/30/2015	780	782.5	775	780	544530
10/29/2015	790	793.5	777	780	412370
10/28/2015	785	793	778	778	203350
10/27/2015	778	790	770	785	626250
10/26/2015	776	790	776	784	391930
10/23/2015	766	777	766	774	317260
10/22/2015	758.5	763	757	759	201140
10/21/2015	755	763	755	758.5	91040
10/20/2015	760	760	753	755	102660
10/19/2015	751.5	758	746	753	151860
10/16/2015	767	767	747	751.5	394640
10/15/2015	750	758.5	750	755	161090
10/14/2015	758	773	750	750	77620
10/13/2015	775	775	752	757	391880
10/12/2015	774.5	775	770	775	130410
10/9/2015	776.5	776.5	762	775	295740
10/8/2015	772	780	772	775	369100
10/7/2015	765	770	754	770	302410
10/6/2015	761.5	772	761.5	767	379960
10/5/2015	757	770.5	750	761	669460
10/2/2015	770	770	749	756	214720
10/1/2015	750	775	750	757.5	192900
9/30/2015	750	767	743	767	485260
9/29/2015	740	745	732.5	745	185770
9/28/2015	745	750	743	744	139880
9/24/2015	760	760	735	740	461720
9/23/2015	777	777	750	759.5	283700
9/22/2015	779	781	772	777	131300
9/21/2015	787	787	770	779	129150
9/18/2015	773	783.5	771	782	380600
9/17/2015	761	770	761	770	291790
9/16/2015	752	767	752	761	570610
9/15/2015	749.5	750	746	749	334250
9/14/2015	740	749.5	730	749.5	301440
9/11/2015	743	743	728	728	114400
9/10/2015	745	748	726	730	292590
9/9/2015	731	745	731	742	573310
9/8/2015	725	735	720	727.5	340040
9/7/2015	748.5	748.5	725	725	150560
9/4/2015	750	756	745.5	748.5	184290
9/3/2015	760	760	752.5	760	249740
9/2/2015	740	760	725	760	368170
9/1/2015	725	756	725	755	862320
8/28/2015	730	745	727.5	738	512340
8/27/2015	730	730	717	725	661950
8/26/2015	720.5	730	695	709	815550
8/25/2015	699	724	695	717	787130
8/24/2015	744	744	700	704.5	1007480
8/20/2015	767.5	772	755	755	280980
8/19/2015	769	774	765	771	128190
8/18/2015	761	770	761	770	142590
8/17/2015	761	767	756.5	760	129200
8/14/2015	759	767	754	759	198800
8/13/2015	763	765	751	755	431350
8/12/2015	769.5	771	761	763.5	272420
8/11/2015	772	784	769	776	110520
8/10/2015	769.5	780	768	770	226460
8/7/2015	790.5	790.5	769.5	769.5	273660
8/6/2015	794	799	787	789	113850
8/5/2015	786	795	785	794	138240
8/4/2015	781	788	780	785	229520
8/3/2015	787	795	777	795	329160
7/31/2015	770.5	800	770	780	432180
7/30/2015	767	774	767	767	247330
7/29/2015	771	774	768	771	269270
7/28/2015	773	774	769.5	771	310020
7/27/2015	787	787	771	775	153720
7/24/2015	777	792	775	787	509010
7/23/2015	768	780	768	777	154360
7/22/2015	780	782	774	781	427800
7/21/2015	765	780	761	780	209080
7/20/2015	768	769	755.5	758	555860
7/16/2015	768	769	762	763	231310
7/15/2015	770	772	767	768	298930
7/14/2015	760	774	760	769	335520
7/13/2015	749	764	748	755	360470
7/10/2015	750	757	745.5	747	468910
7/9/2015	746	750.5	745	749	562350
7/8/2015	750	753.5	746	746.5	368440
7/7/2015	763	770	748	748	568140
7/6/2015	779	779	761.5	763	138240
7/3/2015	778	781	772	772	180850
7/2/2015	780	789	778.5	779	334440
7/1/2015	775	788	770	788	286550
6/30/2015	765	778	765	772.5	724820
6/29/2015	789.5	789.5	771	779	358730
6/26/2015	790	790.5	785	789.5	202710
6/25/2015	798	798	785	790	206930
6/24/2015	799	799.5	791.5	798	273050
6/23/2015	793	798	787	793	206340
6/22/2015	799	799	762.5	792	159250
6/19/2015	799.5	802	798.5	799.5	317590
6/18/2015	785	803	782	799.5	516140
6/17/2015	775.5	780	775	780	229260
6/16/2015	772.5	776	769	775	230210
6/15/2015	755	777	755	772.5	258690
6/11/2015	759	769.5	751.5	767	236110
6/10/2015	749	750	740	747	199470
6/9/2015	756	760	736	749	316650
6/8/2015	770.5	772	756	760	327740
6/5/2015	765	775	759	770.5	172370
6/4/2015	776	776	755	766.5	746110
6/3/2015	780	780	773	776	446780
6/2/2015	789	789	777	780	434550
6/1/2015	797.5	801	775	800	217900
5/29/2015	775	803.5	775	790	536130
5/28/2015	803	803	770	780	612820
5/27/2015	806.5	806.5	796	803	340180
5/26/2015	807	807	797	806.5	305380
5/25/2015	810.5	810.5	805.5	806	387210
5/22/2015	819	819	808.5	810.5	190600
5/21/2015	819	819	815	817	175770
5/20/2015	807	822	806.5	819	300590
5/19/2015	817.5	817.5	801	806.5	237550
5/18/2015	821	823	810	816.5	190650
5/15/2015	810	823.5	810	821	379800
5/14/2015	800	817.5	800	810	438850
5/13/2015	800	804	788	800.5	135870
5/12/2015	797	805	790.5	803	258310
5/11/2015	805	810	799.5	804.5	77970
5/8/2015	808.5	808.5	800	805	141210
5/7/2015	799	809	790	808.5	166170
5/6/2015	800	813	790	812	559430
5/5/2015	796	801	796	801	461080
5/4/2015	780	796	778	796	370380
4/30/2015	794	799	775	780	1130320
4/29/2015	800	800	777	794	530360
4/28/2015	797.5	800	795	800	577450
4/27/2015	792.5	800	792	800	423280
4/24/2015	790	795	789	795	609820
4/23/2015	770	795	769.5	793	279120
4/22/2015	770.5	772	765	767	266390
4/21/2015	794	794	761	770	551840
4/20/2015	783.5	788.5	760	780	838730
4/17/2015	799	799	787	793	390150
4/16/2015	780	795	780	795	400550
4/15/2015	797	798.5	786.5	791	580060
4/14/2015	797	801.5	796.5	798.5	866430
4/13/2015	804	806	797.5	800	595440
4/10/2015	790	803	790	800.5	631330
4/8/2015	800.5	806.5	792	800	518360
4/7/2015	801	804.5	799.5	800.5	316890
4/6/2015	795	803.5	795	800	482440
4/1/2015	797	800	794.5	799	581600
3/31/2015	794	798.5	787	795	1250470
3/30/2015	787	800	787	793.5	649490
3/27/2015	780	780.5	777	780	529290
3/26/2015	770	780	765	780	436490
3/25/2015	770	774	765	770	380420
3/24/2015	770	777	751	769	457430
3/23/2015	777	778	769.5	770	242780
3/20/2015	771	776	768.5	770	456810
3/19/2015	761	777	761	770	667230
3/18/2015	753	762	753	760	488800
3/17/2015	751	757	744	753	808180
3/16/2015	757	757.5	749	751	1448460
3/13/2015	754	758	752	758	561510
3/12/2015	741	758	741	754	845880
3/11/2015	739	747	733	745	389140
3/10/2015	732	743	730.5	741	557030
3/9/2015	732	734	720	732	376060
3/6/2015	730	732.5	730	732	323320
3/5/2015	734.5	734.5	717	728.5	546620
3/4/2015	726	735	726	735	250770
3/3/2015	724.5	728	722	724	484770
3/2/2015	717	725	717	725	276610
2/27/2015	734	734	715	717	804090
2/26/2015	741	741.5	720	729.5	390800
2/25/2015	742	742.5	735	738	194730
2/24/2015	740	745	740	741.5	340170
2/23/2015	743	744.5	737.5	740	394610
2/20/2015	737.5	744.5	737.5	743	293990
2/18/2015	730.5	737.5	730.5	736.5	192470
2/17/2015	732.5	732.5	729.5	730	267470
2/16/2015	730	735	727	730	260270
2/13/2015	727.5	735	727.5	729.5	358490
2/12/2015	730	730	726	727.5	297690
2/11/2015	720	729	720	724	407250
2/10/2015	730	730	717	719	151390
2/9/2015	730	734	723	728	262860
2/6/2015	720	730	718	730	331330
2/5/2015	729	729	718.5	723	254150
2/4/2015	721.5	730	721.5	730	432830
2/3/2015	712	724	712	715	113120
2/2/2015	726.5	741	703	715	297770
1/30/2015	720	732	718	726.5	414980
1/29/2015	718	732	715	717	309700
1/28/2015	722	722.5	715	720	217190
1/27/2015	720	724.5	717.5	722	245590
1/26/2015	719	722	711	720	140860
1/23/2015	696.5	719	696.5	719	543480
1/22/2015	702	704	693.5	694.5	576550
1/21/2015	705	714	697.5	702	453480
1/20/2015	710	710	700.5	701	254600
1/19/2015	711	712	704	711	157640
1/14/2015	716	724.5	711	711	352870
1/13/2015	713	719.5	713	716	348180
1/12/2015	714	714	705	710	134570
1/9/2015	720	720.5	714.5	715	456750
1/8/2015	701	714	701	710	437020
1/7/2015	701	706	693	701.5	290580
1/6/2015	695	704.5	694.5	701	403100
1/5/2015	698.5	699	692.5	697	342780
12/29/2014	680	694	680	694	183870
12/23/2014	684.5	685	675	675	261630
12/22/2014	675	685	675	684.5	112300
12/19/2014	667	676	667	674	487700
12/18/2014	661	673.5	648.5	654.5	525410
12/17/2014	682	682	652	652	718240
12/16/2014	692	694	677	682	478270
12/15/2014	670	694	665	694	467940
12/12/2014	670	680	670	680	455940
12/11/2014	678	678	657.5	670	512250
12/10/2014	680	680	673	679	444050
12/9/2014	693	695	677.5	677.5	236820
12/5/2014	685	686	671	680	479450
12/4/2014	696	697	686	686	155500
12/3/2014	690	700	688	700	389820
12/2/2014	689	693.5	688	690	892820
12/1/2014	694	696	689	689	384710
11/28/2014	688	697	688	694	1506340
11/27/2014	695	695	685	687	503850
11/26/2014	686	698	685	694	1120440
11/25/2014	696.5	697.5	684	685	762510
11/24/2014	683	698	683	689	539370
11/21/2014	685	685	680	681.5	570130
11/20/2014	669.5	690	669	682	1918450
11/19/2014	717	718	712	717	156860
11/18/2014	707	711	705	709	256040
11/17/2014	710	711.5	706	710	120060
11/14/2014	707	710	706	710	249540
11/13/2014	715	718	708	709	290840
11/12/2014	707	717.5	707	710	373620
11/11/2014	707	708.5	704	707	367730
11/10/2014	708.5	711	704	707	150500
11/7/2014	705	711.5	705	708.5	497360
11/6/2014	705	710	703	705.5	262590
11/5/2014	689	709.5	686	709.5	369120
11/4/2014	705	705	691	693.5	283440
11/3/2014	690	702	687	696	291100
10/31/2014	679.5	690	679.5	690	342450
10/30/2014	672.5	686	670	680	179100
10/29/2014	676	684.5	670	671.5	328040
10/28/2014	693	693	671	673	269300
10/27/2014	686	686	683	685	194740
10/24/2014	693	693.5	682.5	686.5	236090
10/23/2014	699	699	683	686	506530
10/22/2014	694	700	684	700	244870
10/21/2014	693	696	684	692	103550
10/20/2014	688	697	688	690	215050
10/17/2014	688	698.5	685.5	688	347860
10/16/2014	685	695	680	684.5	270420
10/15/2014	696.5	700	688	689	374420
10/14/2014	686	700	683.5	687	675240
10/13/2014	701.5	705	686.5	687	580850
10/10/2014	709	710.5	704	709	401110
10/9/2014	712.5	716	710	710	643940
10/8/2014	716.5	722	711	711	567380
10/7/2014	721	727	720	722	351880
10/3/2014	729	735	727	729.5	181670
10/2/2014	720	725	716	722.5	249070
10/1/2014	725	732	722	729.5	146510
9/30/2014	729.5	740	723.5	740	510070
9/29/2014	720	725	719.5	723.5	248030
9/26/2014	711	731.5	709	724	228740
9/25/2014	737	747	719	724	617670
9/24/2014	735	738	730	735	585870
9/23/2014	736.5	736.5	726	728.5	447700
9/22/2014	723	737.5	722	737	456890
9/18/2014	713	723	713	723	104470
9/17/2014	711	725	711	718	237500
9/16/2014	714	717	706	711.5	246730
9/15/2014	708	715	706.5	710	430280
9/12/2014	706	712	706	708	290540
9/11/2014	707	710	706	706	599580
9/10/2014	711	712	707	707.5	422930
9/9/2014	709.5	710	707.5	708.5	362250
9/8/2014	703	712	702	709.5	357880
9/5/2014	712	714.5	707.5	709	333940
9/4/2014	709	715	709	709	279330
9/3/2014	709.5	715	707	709	462200
9/2/2014	701.5	722	701.5	709	280030
9/1/2014	700.5	705.5	700	700.5	154160
8/29/2014	700	705	690	700.5	2117310
8/28/2014	719	719	699	699.5	397950
8/27/2014	725	725	717	719.5	312210
8/26/2014	725	728.5	712	719	224820
8/22/2014	727	729	724	725	579800
8/20/2014	719.5	726	719.5	722.5	484080
8/19/2014	705	720	705	719	377520
8/18/2014	703	704.5	702	704	293330
8/15/2014	701	703	698	703	399080
8/14/2014	686	709	686	703	802860
8/13/2014	679.5	681.5	678.5	680	433440
8/12/2014	679	681	678.5	679.5	292860
8/11/2014	661.5	677.5	661.5	677.5	390860
8/8/2014	668	668	650	661	190050
8/7/2014	666	669.5	665	668	265000
8/6/2014	667.5	669	667	668	388880
8/5/2014	665	672	660	668.5	245360
8/4/2014	660	670	651	669	449290
8/1/2014	658	662.5	651	660	151240
7/31/2014	653.5	668	653.5	658	545570
7/30/2014	650.5	658	645	653	371060
7/28/2014	652	652	643.5	647	441900
7/25/2014	650	658	649	652	465950
7/24/2014	659	659	653	656	136400
7/23/2014	662	663	653	657	296720
7/22/2014	664	664	658	661	338330
7/21/2014	654	663	654	661.5	143320
7/18/2014	652	655	649	654	246240
7/17/2014	645	654.5	645	652.5	396960
7/15/2014	646	648	640	643	778480
7/14/2014	661.5	661.5	646.5	646.5	391330
7/11/2014	664.5	665	659	664	119460
7/10/2014	658	670	658	664	218750
7/9/2014	665	665	655	658	203530
7/8/2014	674	674	664	665	329200
7/7/2014	670	682	670	674.5	468020
7/4/2014	664	672.5	664	670	643950
7/3/2014	654.5	670	651	664	347710
7/2/2014	646	654.5	645.5	654.5	637330
7/1/2014	649	649	641.5	645	231690
6/30/2014	649.5	649.5	647	647.5	1107360
6/27/2014	647.5	649.5	645	648	462170
6/26/2014	644	648.5	644	647	201180
6/25/2014	638	647.5	637	644	454030
6/24/2014	638	640	634.5	637	292180
6/23/2014	640	642	638	638	231010
6/20/2014	640	641.5	637	640	309050
6/19/2014	635	636	631.5	635	303610
6/18/2014	631	634	618	633	316520
6/17/2014	640	640	633	635	270490
6/16/2014	641	641	639	640	563020
6/13/2014	645	645	640	640	1145070
6/11/2014	639.5	639.5	635	637.5	362910
6/10/2014	638	640	633	640	331770
6/9/2014	635.5	640	635.5	640	524740
6/6/2014	640	644	635	635.5	225670
6/5/2014	641	641	638.5	640	598230
6/4/2014	641.5	643	639.5	640	287170
6/3/2014	628	641.5	628	641	160650
6/2/2014	620	630	620	627.5	337690
5/30/2014	634	637	618	618	557670
5/29/2014	641	646.5	630	636	522890
5/28/2014	640	643	640	641	295370
5/27/2014	642	645	639.5	640	215520
5/26/2014	651	651	639	642	163640
5/23/2014	650	653.5	638	651	590590
5/22/2014	649.5	654	649.5	654	1159370
5/21/2014	650	650	641	645.5	739040
5/20/2014	650	651.5	646	650	299080
5/19/2014	650	650	645	647	217880
5/16/2014	647	649	640	649	338380
5/15/2014	658	658	647.5	650.5	354000
5/14/2014	646	660	646	658.5	593790
5/13/2014	639.5	645	639	645	458560
5/12/2014	635	640	634	639.5	395000
5/9/2014	631	640	630	635	676530
5/8/2014	627.5	629.5	626	628	319080
5/7/2014	628	628	623	625	202450
5/6/2014	625	628	625	626	153220
5/5/2014	621.5	627	621	625	121470
5/2/2014	620	622	619	621.5	228380
4/30/2014	622	628	621	624	498000
4/29/2014	619	622	617.5	618.5	603660
4/28/2014	625	626	613.5	614	274930
4/25/2014	623	632.5	623	625	593420
4/24/2014	620	625	618	623	380120
4/23/2014	616	625	616	623.5	371100
4/22/2014	621.5	627	615.5	616	331780
4/21/2014	621.5	628	620	621	266730
4/16/2014	611	620	611	618	182550
4/15/2014	620	623	612	612	341380
4/14/2014	617	618	606	616.5	85710
4/11/2014	612	619	600	619	635090
4/10/2014	605.5	618	605	613	750740
4/8/2014	607	607	600	605.5	407480
4/7/2014	606	612	605	606	511820
4/4/2014	615	615	603	605	429460
4/3/2014	613	616	601	610	1245540
4/2/2014	590	614	590	613	926250
4/1/2014	578	590	575	590	664780
3/31/2014	567	579	567	578	793440
3/28/2014	567	570	563	565.5	542480
3/27/2014	565	568	565	567	606680
3/26/2014	559	566	555	566	145100
3/25/2014	566	566	555	558	222780
3/24/2014	564	567.5	564	566	456430
3/21/2014	560	566	560	562.5	721500
3/20/2014	562	562	555	559	353770
3/19/2014	564	565	559.5	562	292170
3/18/2014	557.5	565	557.5	564	518490
3/17/2014	564	566.5	552	555	402590
3/14/2014	560	570	558	564	620410
3/13/2014	563	571	561	563	188940
3/12/2014	578	578	560	560	536650
3/11/2014	575	579	573	578	488940
3/10/2014	572	575	570.5	572	256320
3/7/2014	575	579.5	565	572	256800
3/6/2014	575	579.5	570	575	482690
3/5/2014	565.5	577	565.5	574	558890
3/4/2014	567	568	560.5	562	2087060
3/3/2014	575	575	564	569	197750
2/28/2014	563.5	580	563.5	575.5	763690
2/27/2014	556	567	556	562.5	573150
2/26/2014	559	560	549	556	499650
2/25/2014	559.5	564	553.5	560	270580
2/24/2014	576	578	560	560	253480
2/21/2014	580	581	566	567.5	297100
2/20/2014	582.5	582.5	565.5	580	279140
2/19/2014	560	582.5	559.5	582.5	809460
2/18/2014	545	559	545	555	890540
2/17/2014	540	543	539	540	345990
2/14/2014	538.5	542	538.5	540	358460
2/13/2014	542	545	538	538.5	242670
2/12/2014	545	548.5	538	542	184060
2/11/2014	533	546.5	533	543	551120
2/10/2014	525.5	537.5	525.5	533	569110
2/7/2014	522	531	522	525.5	631230
2/6/2014	521	524	520	521	288090
2/5/2014	521	525	518	520.5	258920
2/4/2014	519.5	525	515	520	249780
2/3/2014	524	530	520.5	527	105370
1/30/2014	520.5	527	518	524	585030
1/29/2014	522	531	522	528	343850
1/28/2014	533.5	533.5	520.5	520.5	401610
1/27/2014	530	536.5	523	534	255770
1/24/2014	539	544.5	531	544	214540
1/23/2014	543	547.5	530	530	365360
1/22/2014	540	549	538	545	606380
1/21/2014	540	541	537	539	122660
1/20/2014	538	540	537	540	186430
1/17/2014	540	540	530	537.5	462970
1/16/2014	534	541	531.5	538	630740
1/15/2014	528	531.5	528	530.5	877940
1/14/2014	523	524.5	519	524	327710
1/13/2014	511	525	511	525	171780
1/10/2014	529	529	508	510	411520
1/9/2014	535	535	525	525	246430
1/8/2014	524	535	524	530.5	558440
1/7/2014	529.5	529.5	523	524	197230
1/6/2014	525	530	519	525.5	399380
1/3/2014	521	523.5	514	520.5	552230
1/2/2014	520	528.5	519	525.5	367200
